Locus	ob	cast	spr	a	b6	c3h	dba	balb	akr	non	nod	lp	btbr/Pas	129/SvPas-Sl	a obs	akr obs	b6 obs	dba2 obs	Other
D1Mit3	160	185	200	185	160	185	160	185	206	185	185	187	187	187	-	206	-	164	
D1Mit7	108	156	125	125	108	125	125	108	108	125	108	108	108	108	-	-	108	-	
D1Mit9	160	140	162	160	160	160	160	160	147	160	147	160	160	160	160	-	160	160	
D1Mit11	100	111		100	100	100	106	100	106	100	106	106	100	106	-	-	100	104	
D1Mit12	133	129	170	133	133	133	133	126	133	133	133		125	133	-	133	133	133	
D1Mit15	160	188	154	186	160	183	160	160	183	183	183	183	183	183	-	183	161	161	
D1Mit16	190	185	195	185	190	190	201	190	190	164	185	190		190	187	-	190	-	
D1Mit17	170	190	188	183	170	183	174	176	183	170	183	176	185	176	-	-	172	174	
D1Mit21	246	238	224	230	246	230	250	246	230	230	230	250	250	250	227	-	245	250	
D1Mit22	140	142	118	140	140	142	140	154	154	154	154	140	140		140	-	-	140	
D1Mit24	202	188	166	202	202	202	218	202	218	216	192	210	x	x					
D1Mit31	172	176	184	172	172	172	172	172	172	172	176	172	x	x					
D1Mit33	102	114	108	100	100	94	122	124	94	100	104	96	92	100	-	-	100	121	
D1Mit35	202	242	324	202	202	202	202	202	202	202	202	202	202		202	-	202	202	
D1Mit37	124	94	122	124	124	124	124	124	124	124	124	124	130	130	124	-	124	124	
D1Mit42	254	272	236	256	256	256	236	256	256	256	256	236	256	256	256	-	-	240	
D1Mit46	256	320	410	276	256	276	264	256	296	256	278	264	261	262	271	-	256	-	
D1Mit48	142	140	132	120	142	142	120	142	120	120	120	120	120	120	120	-	141	120	
D1Mit56	124	136	104	124	124	124	118	124	120	120	120	124		124	124	-	-	117	
D1Mit59	134	154	195	134	134	134	134	134	134	134	134	134	139	139	134	-	134	134	
D1MIT14				215	180		215						224	224	215	-	215	-	
D1MIT19				121	113		120						102	102	121	-	113	120	
D2Mit1	124	140	96	120	124	120	120	120	120	120	120	124	120	122	120		123	120	
D2Mit6	135	147	110	126	135	135	126	135	126	135	135	135	135	135	127		135	127	
D2Mit7	150	122	148	147	150	145	145	150	147	145	143	145	147	147	147		154		
D2Mit8	188	180	212	188	188	188	188	188	188	188	188	188	?	?					
D2Mit9	190	195	174	187	190	190	195	190	190	185	185	190	183	177	187		189	195	
D2Mit12	201	194	189	200	201	200	189	189	200	189	201	189	200	200	200		202		
D2Mit49	150	134	132	144	150	144	150	144	150	150		150	144	150	144		151	151	
D2Mit52	136	148	120	136	136	136	132	136	132	132	136	136	136	136	136		136	131	
D2Mit61	144	158	122	144	144	142	156	144	146		144	128	156	135		146	144	156	
D3Mit10	145	158	132	134	145		140	134	132	136	121	138	140	134	134		143	139	
D3Mit13	220	238	240		220	220	220	220	220	220	238	240	220	228	220		220	220	
D3Mit16	188	194	220	186	188	186		186		186	186	186	186	186	186		188		
D3Mit19	160	176	147	176	160	176	176	176	176	160	176	158		158	176		166	176	
D3Mit24	134	168	154	130	134	130	134	134	134	142	134	134	134	134	129		134	134	
D3Mit28	152	188	160	150	150	150	182	202	150	150			150	150		150	150	185	
D3Mit31	222	242	240	224	222	224	224	224	224	224	224	224	x	x					
D3Mit46	166	190	194	172	166	172	160	164	152	158	162	162	164	164	174		166		
D4Mit4	165	169	158	163	165	167	165	163	163	165	163	163	163	163	163		165	165	
D4Mit5	138	115	120	138	138	138	148	138	138	138	138	138	138	138	138		138	138	
D4Mit7	151	147	160	151	151	151	151	151	151	151	151	149	151	149		151	151	151	
D4Mit13	92	88	106	92	92	108	97	92	111	108	108	92	92	94	92		92	100	
D4Mit17	147	145	105	147	147	147	141	147	138	136	136	136	135	136	147		147		
D4Mit32	148	190	150	148	148	184	142	184	182	148	148	148	148	148			148	143	
D4Mit37	238	234	186	220	238	232	220	232	228	220	236	238	227	238	220		238	220	
D4Mit42	102	118	88	102	102	94	91	102	98	98	98	94	91	94	102		102	94	
D4mit27													121	137	133		133	133	
D5Mit1	137	145	149	137	137	137	129	137	129	137	137	129	129	129	135		135	129	
D5Mit4	195	238	250	195	195	195	195	195	195	195	195	195	195	195	195		195	195	
D5Mit6	135	125	108	135	135	135	135	135	135	135	135	131	135	129	135		135	135	
D5Mit9	149	180	138	149	149	149	149	149	149	149	149	149	159*	149		149	149	149	multiple bands in BTBR
D5Mit24	174	186		168	174	196	184	198	190	196	198	190	174	189			174	183	
D5Mit30	148	146	108	144	148	148	148	144	148	156	138	138	148	138	148		148	148	
D5Mit34	116	114	114	116	116	116	116	116	116	116	116	116	116	116	116		116	116	
D5Mit51	142	166	148	142	142	142	142	142	142	142	142	142	142	142	142		142	142	
D6Mit9	143	138	152	123	143	123	123	143	143	123	123	123	123	123	123		138	123	
D6Mit14	160	172	174	156	160	149	149	152	149	174	174	168	174	156	156		158		
D6Mit17	252	250	242	252	252	276	276	252	282	252	282	252	252	252	252		252	272	
D6Mit23	140	160	162	140	140	140	148	140	140	140	144	140	150	140	140		140	148	
D6Mit25	130	138	114	124	130	124	124	116	124	126	124	124	124	121	124		130	124	
D6Mit29	124	212	134	152	124	148	148		151	124	148	148	148		152		126	148	
D6Mit30	186		168	186	186	186	186	186	186	186	186	186	186	186	186		186	186	
D7Mit7	80	90		77	80	90	90	77	80	80	80	90	92	84	78	77		81	
D7Mit10	150	158	150	150	150	150	150	150	150	150	150	150	150	150	147	150		150	
D7Mit12	197	208	220	197	197	197	206	197	206	205	197	199	202	197	197	197		197	
D7Mit13	195	200	210	195	195	195	195	195	200	195	195	195	195	195	195	195		195	
D7Mit14	147	142	147	147	147	147	147	137	147	147	147	147	147	147	147	147		147	147
D7Mit15	138	127	129	138	138	138	138	123	123	138	138	134	138	134	134	138		138	138
D7Mit38	172	164	212	188	172	188	188	188	188	174	172	188	188	188	172	188		169	
D7Mit39	148	164	160	148	148	154	154	148	148		142	140	141	148	143	148		148	
D7Mit41	114	122	98	114	114	114	114	114	112	112	112	114	118	114	112	114		114	
D7Mit43	214	242	240	214	214	214	214	214	214	214	214	214	214	214	214	214		214	214
D7Mit44	188	190	190	192	190	190	190	190	190	198	190	170	170	170	190	193		190	190
D7Mit45	150			150	150	150	150	150	150	150	150	150	150	150	150	148		150	
D7Mit46	182	190	192	182	184	184	184	196	184		184	184	184	184	184	182		184	184
D7Mit47	214	210	186	212	212	212	214	210	210	212	212	212	212	212	210	212		212	
D7Mit67	102	112		102	102	102	102	102	102	102	104	112	111	111	104	102		102	
D7Mit68	188	94	340	180	188	188	188	94	94	188	188	188	188	188	188	180		187	
D7Mit71	118		204	112	118	114	118	116	116	112	118	118	116	112	110	112		118	
D7Nds4				160	166		160						x	x	x				
D8Mit4	157	191	170	200	157	195	195	200	195	195	200	160	157	157			157	185	
D8Mit12	120	127	125	120	120	120	120	120	120	120	117	120	120	120	120		120	120	
D8Mit25	120	132	108	126	120	130	130	130	130	126	126	130	128	120	126		120	130	
D8Mit26	176	174	166	176	176	176	176	176	176	176	176	176	176	176		176	176		
D8Mit29	110	94	90	106	110	106	106	108	106	106	106	108	110	108	106		110	106	
D8Mit41	150			160	150	160	160	154	156	154	150	154	148	148	144		152	150	
D9Mit2	177	161	161	185	177	185	177	185	176	170	185	160	189	179			177	177	
D9Mit15	160	166	138	155	160	155	155	155	157	155	155	155	145	145	155		160	155	
D9Mit25	130	98	94	136	130	136	136	136	130	130	136	106	130	109			130	136	
D9Mit31	124	90	102	128	124	128	112	124	124	128	128	124	124	124			124		
D10Mit10	180	136	160	128	180	128	128	128	128	180	128	128	128	128	128		177	128	
D10Mit22	148	154	120	148	148	148	148	148	148	148	148	148	148*	148*	148		148	148	"multiple bands, all strains"
D10Mit24	144	140	168	144	144	144	144	144	144	144	144	144	144	144		144	144	144	
D10Mit28	150	160	130	150	150	150	170	150	150	166	170	150	150	170	150			150	
D11Mit2	124	118	111	115	124	140	126	115	140	115	140	115	137		116		124		
D11Mit4	250	246	238	307	246	242	300	242	307	242	244	306	307	309	307		260	300	b6 approx.
D11Mit12	140	150	140	150	140	147	140	145	140	140	142	140	140	140	150		140	140	
D11Mit20	116	126		150	116	150	140	150	140	160	140	150	144	150		150	120	150	
D11Mit21	156		154	146	156	146	136	146	136	146	146	146	154	146	146		156	136	
D11Mit23	124	140	134	120	124	120	130	124	124	130	124	120	120	120			124	130	
D11Mit24	240	218	212	240	240	240	244	240	240	242	238	238	240	240			240		
D11Mit35	216	234	210	200	216	200	206	216		216	216	200	200	200	200			205	
D11Mit41	136	140	130	166	136	166	166	178	166	178	166	166	166	166	166		137		
D11Mit51	140	168	164	132	140	132	132	132		124	124	132	140	140	132		140	132	
D12Mit11	172	142	146	170	172	166	182	170	178	176	164	176	*	*					
D12Mit12	146	152	166	170	146	164	156	170	156	156	170	156	156	156			147	156	
D12Mit20	200	148	200	208	200	216	204	208	212	212	200	200	193	214	208			204	
D12Mit28	144	122	122	144	144	144	144	152	144	148	144	146	144	144		144	144	144	
D12Mit34	174	172	160	188	174	188	188	188	186		186	186	185	188	188		176	188	
D12Nds11				178	170		175						175	175	176		170	175	
D13Mit4	185	209	209	185	185	185	185	185	185	185	185	185	185				185		
D13Mit11	147	162	162	158	147	158	158	158	158	158	160	162	x		??				
D13Mit28	164	160	154	164	164	164	164	164	164	164	164	164	164	164		164	164	164	
D13Mit32	152	136	172	148	152	152	152	152	152			152	152	152			152		
D13Mit34	94	106	132	94	94	94	94	94	94	94	94	94	94	90	94		94		
D13Mit38	144	156	172	144	144	144	144	144	144	144	144	144	144	142	144		144		
D13Mit44	124	116	116	124	124	124	124	124	120	124	124	124	124	122			124	124	
D13Mit45	176	182	180	172	176	180	180	180	166			180	176				176		
D14Mit5	178	182	156	178	178	164	164	178	164	178	178	178	178	178	178		178	166	
D14Mit7	109	91	107	99	109	99	99	99	99	112	109	112	109	113	99		107	99	
D14Mit11	152	150	128	152	152	158	158	12	152	152	136	158	152	159		152			
D14Mit33	296	302	274	296	296	296	296	296	296	296	296	296	296	296	296		296	296	
D14Mit38	144	152	152	144	144	144	144	144	144	144	142	160	144	144		144	144	144	
D14Mit42	152	176	168	152	152	152	150	152	152	152	152	142	150	150	152		152	150	
D15Mit6	130	104	106	132	130	127	134	130	130	128	128	104	130		132		130		
D15Mit13	140	165	190	140	140	140	120	140	125		110	120	144	125			140		
D15Mit15	159	164	168	159	159	166	145	159	145			159	145	159	159		159	159	
D15Mit21	102	108	88	102	102	102	102	102	102	102	102	102	102	102			102	102	
D15Mit26	112	228	144	130	112	112	130	112	130	130	112	130	115	130	130			130	
D15Mit28	164	136	160	148	164	148	164	148	164	148	150	164	164	164		164	164	164	
D15Mit29	152	184	186	152	152	152	186	132	132	132	186	152	152	178	152		152	184	
D15Mit34	148	124	124	148	148	148	178	192	192	146	148	148	148	148	148		148		
D15Mit40	140	138	122	140	140	140	140	140	140	140	140	140	?	139			140	140	
D16Mit3	102	76	97	104	102	100	100	104	104	104	104	100	102	104	102				
D16Mit5	158	163	163	134	158	160	134	134	160	158	160	160	160	160	134		157	134	
D16Mit6	190	175	212	190	190	190	195	190	195	190	190	185	190	186	190		190	195	
D16Mit7	162	175	165	162	162	162	162	165	165	162	162	162	162	162		163	162	162	
D16Mit8	284	290	295	284	284	284	284	284	284	284	284	284	287	287	284		284	287	
D16Mit12	192	174	178	180	192	156	156	180	180	180	180	156	156	?		180	193	160	
D17Mit6	106	88	104	102	106	102	102	102	102	102	102	102	102	102	102		106	102	
D17Mit10	159	133	165	150	159	150	150	159	159	150	148	150	150	150	150		157	150	
D17Mit18	246	256	238	242	246	241	241	241	246	241	241	246	263	251	242		245		
D17Mit38	110	100	80	86	110	92	92	92	86	110	110	110	110	110			110		
D17Mit47	238	210	222	222	238	226	232	232	226				195	195	222		240	232	
D17Mit1	201	208		195	201	195	201	195	193	193	201	201	201	197	195		201	201	
D18Mit8	77	90	88	74	77	80	80	74	80			80	80	80	73		78	80	
D18Mit19	154	140	152	158	154	160	160	156	138	160	154	138	158	138	158		154	159	
D18Mit23	144	148	160	140	144	140	140	140	140	140	140	140	144	140		140	144	140	
D18Mit33	142	138	154	140	142	136	136	140	136	136	140	136	136	136	140		142	136	
D19Mit1	123	138	162	145	123	145	145	145	145	143	145	147	148	148	145		126	145	
D19Mit11	146	118	216		146	164	150	150	164	146	150	164		164			146		
D19Mit12	150	152	124	150	150	150	150	150	150	150	150	150	150	150	150		150	150	
D19Mit13	246	248	288	246	246	262	262	246	246	246	246	246		 					
D19Mit22	104	106	110	104	104			104	104		100	100	104	104	104		104		

